4.979433556561203
0.43386017707713775
0.14922382766890277
0.14789134657294511
0.18808247479458376
0.194816264039454
0.2595143688804335
0.26297206931499967
0.26098395553911435
0.23901054687919218
0.2606013145583059
0.2601899348149473
0.2653194811335184
0.25368349973378046
0.2502071288768995
0.25524574319251164
0.2395807284307645
0.2569726475455118
0.25554363131970614
0.25076886937914084
0.24827724560670902
0.24047911656724485
0.25372776096190275
0.25795638339868926
0.24651094222323863
0.24231255124278175
0.24792991973522027
0.245644285793935
0.24330295036393337
0.26267816750674927
0.25640657204692247
0.25044592223877854
0.25034945758525023
0.2662688836450362
0.26311238845566626
0.2757763988942433
0.2696236452411782
0.2922667731134414
0.27169030315233816
0.2583954578051158
0.2715168102930714
0.27238391628691616
0.2683769951608491
0.28050099061775247
0.2693885394337353
0.2803141965230865
0.2820376693244451
0.27499700707075825
0.2821997470380493
0.30599505656134807
0.2926421112571386
0.35292993227036684
0.2968244400949494
0.2892102647059558
0.3208815131917019
0.30507064879150014
0.29455922858048816
0.3060446217043006
0.30696014388686355
0.3060627233180702
0.3191492519426513
0.29850458143653297
0.3334605655752882
0.3396881718407076
0.45458482748281903
0.3394793995468962
0.3391231947163418
0.3392629261340887
0.3492322179285837
0.3367530404208501
0.33520177053287303
0.3442579860713674
0.3511440552543707
0.3950480542295045
0.47299437071512074
0.34619311483561294
0.3535688244394075
0.39997977296795534
0.38610090043763784
0.35970238935127885
0.3599484039771048
0.5941205373378786
0.39046719868450924
0.36130469703043766
0.35489536852247455
0.3790217332433295
0.3705050829765558
0.4356406736405668
0.3951637271280858
0.40096064466885095
0.3953192022337876
0.3904568055698488
0.4159047854539111
0.42677690792207873
0.43914386041745457
0.39613848121460743
0.3946240659546402
0.39475309529676694
0.4164377488175092
0.40806285715474844
